%YAML:1.0
---
image_resolution: !!opencv-matrix
   rows: 3
   cols: 1
   dt: i
   data: [ 640, 1305, 4 ]
camera_matrix: !!opencv-matrix
   rows: 3
   cols: 3
   dt: d
   data: [ 455.41533978096294, 0., 652., 0., 455.41533978096294, 319.5,
       0., 0., 1. ]
distortion_coefficients: !!opencv-matrix
   rows: 5
   cols: 1
   dt: d
   data: [ 0.081579611708099145, -0.02508983202900758,
       -0.0031537494568271069, 0.0016552238443561271, 0. ]
projection_matrix: !!opencv-matrix
   rows: 3
   cols: 3
   dt: d
   data: [ -0.19244519586800563, -2.4081708397409316, 888.25541989387602,
       0.010460781246184386, -1.4891290663684262, 540.78905586079941,
       1.9536392409193797e-05, -0.0032081489764536962, 1. ]
