%YAML:1.0
---
image_resolution: !!opencv-matrix
   rows: 3
   cols: 1
   dt: i
   data: [ 640, 1305, 4 ]
camera_matrix: !!opencv-matrix
   rows: 3
   cols: 3
   dt: d
   data: [ 458.42081749691522, 0., 652., 0., 458.42081749691522, 319.5,
       0., 0., 1. ]
distortion_coefficients: !!opencv-matrix
   rows: 5
   cols: 1
   dt: d
   data: [ 0.092066747091912413, -0.024912790710435662,
       -0.0027641878976963161, 0.0044012073886357207, 0. ]
projection_matrix: !!opencv-matrix
   rows: 3
   cols: 3
   dt: d
   data: [ -0.26716028878135223, -1.5946541592624275, 675.33126191371423,
       -0.0032097263816966877, -1.5730303572877125, 647.16419610544415,
       -1.069908793898936e-05, -0.0031695743325035807, 1. ]
