%YAML:1.0
---
image_resolution: !!opencv-matrix
   rows: 3
   cols: 1
   dt: i
   data: [ 640, 1305, 4 ]
camera_matrix: !!opencv-matrix
   rows: 3
   cols: 3
   dt: d
   data: [ 458.17835114045903, 0., 652., 0., 458.17835114045903, 319.5,
       0., 0., 1. ]
distortion_coefficients: !!opencv-matrix
   rows: 5
   cols: 1
   dt: d
   data: [ 0.03838459653553139, -0.002824288518971508,
       -0.0039348044333312173, 0.0051193709518756857, 0. ]
projection_matrix: !!opencv-matrix
   rows: 3
   cols: 3
   dt: d
   data: [ -0.070376980349313112, -1.3302825104829816, 434.1951473661656,
       -0.059999845917202317, -1.0399737345930875, 408.10797022094107,
       2.6890261743446072e-05, -0.0032688781455174243, 1. ]
