%YAML:1.0
---
image_resolution: !!opencv-matrix
   rows: 3
   cols: 1
   dt: i
   data: [ 640, 1305, 4 ]
camera_matrix: !!opencv-matrix
   rows: 3
   cols: 3
   dt: d
   data: [ 456.88983054030831, 0., 652., 0., 456.88983054030831, 319.5,
       0., 0., 1. ]
distortion_coefficients: !!opencv-matrix
   rows: 5
   cols: 1
   dt: d
   data: [ 0.09343090353266352, -0.030199853852743441,
       -0.0027583853029400809, 0.0047953056439332372, 0. ]
projection_matrix: !!opencv-matrix
   rows: 3
   cols: 3
   dt: d
   data: [ -0.3092823428398554, -1.5479628201886695, 692.09998684436448,
       -0.0053078595916194789, -1.2762263997994796, 455.45761875967617,
       -1.5401161332632465e-05, -0.0031287961043617945, 1. ]
