%YAML:1.0
---
image_resolution: !!opencv-matrix
   rows: 3
   cols: 1
   dt: i
   data: [ 640, 1305, 4 ]
camera_matrix: !!opencv-matrix
   rows: 3
   cols: 3
   dt: d
   data: [ 458.42081749691522, 0., 652., 0., 458.42081749691522, 319.5,
       0., 0., 1. ]
distortion_coefficients: !!opencv-matrix
   rows: 5
   cols: 1
   dt: d
   data: [ 0.092066747091912413, -0.024912790710435662,
       -0.0027641878976963161, 0.0044012073886357207, 0. ]
projection_matrix: !!opencv-matrix
   rows: 3
   cols: 3
   dt: d
   data: [ -0.18575328717957451, -1.2303024375308309, 513.05663899709145,
       -2.971234996258256e-17, -1.1741992549626632, 452.40095936314617,
       -1.2884421021577914e-19, -0.0031468471993059931, 1. ]
