%YAML:1.0
---
image_resolution: !!opencv-matrix
   rows: 3
   cols: 1
   dt: i
   data: [ 640, 1305, 4 ]
camera_matrix: !!opencv-matrix
   rows: 3
   cols: 3
   dt: d
   data: [ 487.81982299734682, 0., 652., 0., 487.81982299734682, 319.5,
       0., 0., 1. ]
distortion_coefficients: !!opencv-matrix
   rows: 5
   cols: 1
   dt: d
   data: [ 0.065733570357092611, -0.0033570049555749835,
       -0.0036865783113020356, 0.0047947039011013177, 0. ]
projection_matrix: !!opencv-matrix
   rows: 3
   cols: 3
   dt: d
   data: [ -0.068575914596720591, -2.1944099558404973,
       766.31961119507491, 0.063098850572934531, -0.99487691211773965,
       315.12144775784628, 8.5486233247671799e-06,
       -0.0031641744029674967, 1. ]
