%YAML:1.0
---
image_resolution: !!opencv-matrix
   rows: 3
   cols: 1
   dt: i
   data: [ 640, 1305, 4 ]
camera_matrix: !!opencv-matrix
   rows: 3
   cols: 3
   dt: d
   data: [ 455.40140577414064, 0., 652., 0., 455.40140577414064, 319.5,
       0., 0., 1. ]
distortion_coefficients: !!opencv-matrix
   rows: 5
   cols: 1
   dt: d
   data: [ 0.094175197313633899, -0.029941689611480013,
       -0.0019921223506874112, 0.0028732521915666043, 0. ]
projection_matrix: !!opencv-matrix
   rows: 3
   cols: 3
   dt: d
   data: [ -0.20902326038575306, -0.79920658382788001,
       386.74221365726368, -0.010106285579004485, -1.465453615900284,
       545.13718081925401, -1.8651410457489823e-05,
       -0.0031444042942228813, 1. ]
