%YAML:1.0
---
image_resolution: !!opencv-matrix
   rows: 3
   cols: 1
   dt: i
   data: [ 640, 1305, 4 ]
camera_matrix: !!opencv-matrix
   rows: 3
   cols: 3
   dt: d
   data: [ 455.30294496008662, 0., 652., 0., 455.30294496008662, 319.5,
       0., 0., 1. ]
distortion_coefficients: !!opencv-matrix
   rows: 5
   cols: 1
   dt: d
   data: [ 0.081555368732531705, -0.025303855992340925,
       -0.0031171435669519669, 0.001623092974570149, 0. ]
