%YAML:1.0
---
image_resolution: !!opencv-matrix
   rows: 2
   cols: 1
   dt: i
   data: [ 1305, 640 ]
camera_matrix: !!opencv-matrix
   rows: 3
   cols: 3
   dt: d
   data: [ 458.4459690963331, 0., 652., 0., 458.4459690963331, 319.5, 0.,
       0., 1. ]
distortion_coefficients: !!opencv-matrix
   rows: 5
   cols: 1
   dt: d
   data: [ 0.092093217857742063, -0.024932941053567723,
       -0.0027619024883302448, 0.0044052315493035982, 0. ]
