%YAML:1.0
---
image_resolution: !!opencv-matrix
   rows: 3
   cols: 1
   dt: i
   data: [ 640, 1305, 4 ]
camera_matrix: !!opencv-matrix
   rows: 3
   cols: 3
   dt: d
   data: [ 455.41533978096294, 0., 652., 0., 455.41533978096294, 319.5,
       0., 0., 1. ]
distortion_coefficients: !!opencv-matrix
   rows: 5
   cols: 1
   dt: d
   data: [ 0.081579611708099145, -0.02508983202900758,
       -0.0031537494568271069, 0.0016552238443561271, 0. ]
projection_matrix: !!opencv-matrix
   rows: 3
   cols: 3
   dt: d
   data: [ 0.68164228932307669, 3.1532537206604863, -14.787846983677943,
       -0.0057863126951392422, 3.1764145285048411, -37.20387434762106,
       -2.3145250780556995e-05, 0.0071825066842574215, 1. ]
