%YAML:1.0
---
image_resolution: !!opencv-matrix
   rows: 3
   cols: 1
   dt: i
   data: [ 640, 1305, 4 ]
camera_matrix: !!opencv-matrix
   rows: 3
   cols: 3
   dt: d
   data: [ 455.40140577414064, 0., 652., 0., 455.40140577414064, 319.5,
       0., 0., 1. ]
distortion_coefficients: !!opencv-matrix
   rows: 5
   cols: 1
   dt: d
   data: [ 0.094175197313633899, -0.029941689611480013,
       -0.0019921223506874112, 0.0028732521915666043, 0. ]
projection_matrix: !!opencv-matrix
   rows: 3
   cols: 3
   dt: d
   data: [ 0.73067192148077342, 3.278195320567503, -29.818946972261383,
       0.0076737712462108141, 3.2694491571900932, -55.745764960059411,
       3.1321515290656411e-05, 0.0074430859445737824,
       0.99999999999999989 ]
