%YAML:1.0
---
image_resolution: !!opencv-matrix
   rows: 3
   cols: 1
   dt: i
   data: [ 640, 1305, 4 ]
camera_matrix: !!opencv-matrix
   rows: 3
   cols: 3
   dt: d
   data: [ 456.88983054030831, 0., 652., 0., 456.88983054030831, 319.5,
       0., 0., 1. ]
distortion_coefficients: !!opencv-matrix
   rows: 5
   cols: 1
   dt: d
   data: [ 0.09343090353266352, -0.030199853852743441,
       -0.0027583853029400809, 0.0047953056439332372, 0. ]
projection_matrix: !!opencv-matrix
   rows: 3
   cols: 3
   dt: d
   data: [ 0.74478089148015814, 2.8458247131841286, -91.595824713184186,
       -4.7085718174959067e-18, 3.0186195222870049, -37.95373330825651,
       -2.0990932906778326e-20, 0.0071939063381606227, 1. ]
